[config]
AutoStart=1
AppTitle=Опрос AD7705 (COM2)
ComPort=COM2
Hz=1
GainNdx=7
ClockNdx=2
UpdateNdx=0

[Sensor1]
On=1
NetNumber=1
Host=127.0.0.1
Port=22000
Period=1
X0=0.00024
Y0=0
X1=0.0062
Y1=70
Ymin=-1

[Sensor2]
On=1
NetNumber=2
Host=127.0.0.1
Port=22000
Period=1
X0=0.00013
Y0=0
X1=0.0062
Y1=70
Ymin=-10
